60 EXPORTED FRAMES

Timestamps [seconds] - 0,1,...,59:
17.3572, 17.3897, 17.4222, 17.4546, 17.4871, 17.5196, 17.5521, 17.5846, 17.617, 17.6495, 17.682, 17.7145, 17.747, 17.7794, 17.8119, 17.8444, 17.8769, 17.9094, 17.9418, 17.9743, 18.0068, 18.0393, 18.0718, 18.1042, 18.1367, 18.1692, 18.2017, 18.2342, 18.2666, 18.2991, 18.3316, 18.3641, 18.3966, 18.429, 18.4615, 18.494, 18.5265, 18.559, 18.5914, 18.6239, 18.6564, 18.6889, 18.7214, 18.7538, 18.7863, 18.8188, 18.8513, 18.8838, 18.9162, 18.9487, 18.9812, 19.0137, 19.0462, 19.0786, 19.1111, 19.1436, 19.1761, 19.2086, 19.241, 19.2735

Top left [meters] - x, y:
-0.0917753, -0.023614 
Bottom right [meters] - x, y:
0.0917753, 0.103379 

Maximum velocity [meter/second]:
2 
