69 EXPORTED FRAMES

Timestamps [seconds] - 0,1,...,68:
7.49842, 7.52697, 7.55552, 7.58407, 7.61262, 7.64118, 7.66973, 7.69828, 7.72683, 7.75538, 7.78394, 7.81249, 7.84104, 7.86959, 7.89815, 7.9267, 7.95525, 7.9838, 8.01235, 8.04091, 8.06946, 8.09801, 8.12656, 8.15512, 8.18367, 8.21222, 8.24077, 8.26932, 8.29788, 8.32643, 8.35498, 8.38353, 8.41208, 8.44064, 8.46919, 8.49774, 8.52629, 8.55485, 8.5834, 8.61195, 8.6405, 8.66905, 8.69761, 8.72616, 8.75471, 8.78326, 8.81181, 8.84037, 8.86892, 8.89747, 8.92602, 8.95458, 8.98313, 9.01168, 9.04023, 9.06878, 9.09734, 9.12589, 9.15444, 9.18299, 9.21155, 9.2401, 9.26865, 9.2972, 9.32575, 9.35431, 9.38286, 9.41141, 9.43996

Top left [meters] - x, y:
-0.0576158, -0.01498 
Bottom right [meters] - x, y:
0.0576158, 0.0647452 

Maximum velocity [meter/second]:
2 
