69 EXPORTED FRAMES

Timestamps [seconds] - 0,1,...,68:
75.102, 75.1306, 75.1591, 75.1877, 75.2163, 75.2448, 75.2734, 75.3019, 75.3305, 75.359, 75.3876, 75.4161, 75.4447, 75.4732, 75.5018, 75.5303, 75.5589, 75.5874, 75.616, 75.6445, 75.6731, 75.7016, 75.7302, 75.7587, 75.7873, 75.8158, 75.8444, 75.873, 75.9015, 75.9301, 75.9586, 75.9872, 76.0157, 76.0443, 76.0728, 76.1014, 76.1299, 76.1585, 76.187, 76.2156, 76.2441, 76.2727, 76.3012, 76.3298, 76.3583, 76.3869, 76.4154, 76.444, 76.4725, 76.5011, 76.5297, 76.5582, 76.5868, 76.6153, 76.6439, 76.6724, 76.701, 76.7295, 76.7581, 76.7866, 76.8152, 76.8437, 76.8723, 76.9008, 76.9294, 76.9579, 76.9865, 77.015, 77.0436

Top left [meters] - x, y:
-0.0576158, -0.01498 
Bottom right [meters] - x, y:
0.0576158, 0.0647452 

Maximum velocity [meter/second]:
2 
