67 EXPORTED FRAMES

Timestamps [seconds] - 0,1,...,66:
27.8627, 27.8921, 27.9215, 27.9509, 27.9803, 28.0098, 28.0392, 28.0686, 28.098, 28.1274, 28.1568, 28.1862, 28.2156, 28.245, 28.2744, 28.3038, 28.3332, 28.3626, 28.392, 28.4214, 28.4508, 28.4802, 28.5096, 28.539, 28.5684, 28.5978, 28.6272, 28.6566, 28.686, 28.7154, 28.7448, 28.7742, 28.8036, 28.833, 28.8624, 28.8918, 28.9212, 28.9506, 28.98, 29.0094, 29.0388, 29.0682, 29.0976, 29.127, 29.1564, 29.1858, 29.2152, 29.2446, 29.2741, 29.3035, 29.3329, 29.3623, 29.3917, 29.4211, 29.4505, 29.4799, 29.5093, 29.5387, 29.5681, 29.5975, 29.6269, 29.6563, 29.6857, 29.7151, 29.7445, 29.7739, 29.8033

Top left [meters] - x, y:
-0.0612497, -0.0175156 
Bottom right [meters] - x, y:
0.0612497, 0.067238 

Maximum velocity [meter/second]:
2 
