60 EXPORTED FRAMES

Timestamps [seconds] - 0,1,...,59:
14.3303, 14.3633, 14.3962, 14.4292, 14.4621, 14.4951, 14.5281, 14.561, 14.594, 14.627, 14.6599, 14.6929, 14.7258, 14.7588, 14.7918, 14.8247, 14.8577, 14.8907, 14.9236, 14.9566, 14.9895, 15.0225, 15.0555, 15.0884, 15.1214, 15.1544, 15.1873, 15.2203, 15.2532, 15.2862, 15.3192, 15.3521, 15.3851, 15.4181, 15.451, 15.484, 15.517, 15.5499, 15.5829, 15.6158, 15.6488, 15.6818, 15.7147, 15.7477, 15.7807, 15.8136, 15.8466, 15.8795, 15.9125, 15.9455, 15.9784, 16.0114, 16.0444, 16.0773, 16.1103, 16.1432, 16.1762, 16.2092, 16.2421, 16.2751

Top left [meters] - x, y:
-0.114548, -0.02937 
Bottom right [meters] - x, y:
0.114548, 0.129135 

Maximum velocity [meter/second]:
2 
