69 EXPORTED FRAMES

Timestamps [seconds] - 0,1,...,68:
3.90025, 3.92881, 3.95736, 3.98591, 4.01446, 4.04301, 4.07157, 4.10012, 4.12867, 4.15722, 4.18577, 4.21433, 4.24288, 4.27143, 4.29998, 4.32854, 4.35709, 4.38564, 4.41419, 4.44274, 4.4713, 4.49985, 4.5284, 4.55695, 4.5855, 4.61406, 4.64261, 4.67116, 4.69971, 4.72827, 4.75682, 4.78537, 4.81392, 4.84247, 4.87103, 4.89958, 4.92813, 4.95668, 4.98524, 5.01379, 5.04234, 5.07089, 5.09944, 5.128, 5.15655, 5.1851, 5.21365, 5.2422, 5.27076, 5.29931, 5.32786, 5.35641, 5.38497, 5.41352, 5.44207, 5.47062, 5.49917, 5.52773, 5.55628, 5.58483, 5.61338, 5.64193, 5.67049, 5.69904, 5.72759, 5.75614, 5.7847, 5.81325, 5.8418

Top left [meters] - x, y:
-0.0576158, -0.01498 
Bottom right [meters] - x, y:
0.0576158, 0.0647452 

Maximum velocity [meter/second]:
2 
