58 EXPORTED FRAMES

Timestamps [seconds] - 0,1,...,57:
3.8825, 3.91636, 3.95022, 3.98408, 4.01794, 4.0518, 4.08566, 4.11951, 4.15337, 4.18723, 4.22109, 4.25495, 4.28881, 4.32267, 4.35653, 4.39039, 4.42425, 4.45811, 4.49197, 4.52583, 4.55969, 4.59355, 4.62741, 4.66127, 4.69513, 4.72899, 4.76285, 4.79671, 4.83057, 4.86443, 4.89829, 4.93215, 4.96601, 4.99987, 5.03373, 5.06759, 5.10145, 5.13531, 5.16917, 5.20303, 5.23689, 5.27075, 5.30461, 5.33847, 5.37233, 5.40619, 5.44005, 5.47391, 5.50777, 5.54162, 5.57548, 5.60934, 5.6432, 5.67706, 5.71092, 5.74478, 5.77864, 5.8125

Top left [meters] - x, y:
-0.103162, -0.026492 
Bottom right [meters] - x, y:
0.103162, 0.116257 

Maximum velocity [meter/second]:
2 
