67 EXPORTED FRAMES

Timestamps [seconds] - 0,1,...,66:
3.9288, 3.9582, 3.9876, 4.017, 4.04641, 4.07581, 4.10521, 4.13461, 4.16401, 4.19342, 4.22282, 4.25222, 4.28162, 4.31103, 4.34043, 4.36983, 4.39923, 4.42864, 4.45804, 4.48744, 4.51684, 4.54624, 4.57565, 4.60505, 4.63445, 4.66385, 4.69326, 4.72266, 4.75206, 4.78146, 4.81087, 4.84027, 4.86967, 4.89907, 4.92847, 4.95788, 4.98728, 5.01668, 5.04608, 5.07549, 5.10489, 5.13429, 5.16369, 5.1931, 5.2225, 5.2519, 5.2813, 5.3107, 5.34011, 5.36951, 5.39891, 5.42831, 5.45772, 5.48712, 5.51652, 5.54592, 5.57533, 5.60473, 5.63413, 5.66353, 5.69293, 5.72234, 5.75174, 5.78114, 5.81054, 5.83995, 5.86935

Top left [meters] - x, y:
-0.0612497, -0.0175156 
Bottom right [meters] - x, y:
0.0612497, 0.067238 

Maximum velocity [meter/second]:
2 
