70 EXPORTED FRAMES

Timestamps [seconds] - 0,1,...,69:
4.20246, 4.22928, 4.25609, 4.28291, 4.30973, 4.33654, 4.36336, 4.39018, 4.41699, 4.44381, 4.47063, 4.49745, 4.52426, 4.55108, 4.5779, 4.60471, 4.63153, 4.65835, 4.68516, 4.71198, 4.7388, 4.76561, 4.79243, 4.81925, 4.84606, 4.87288, 4.8997, 4.92652, 4.95333, 4.98015, 5.00697, 5.03378, 5.0606, 5.08742, 5.11423, 5.14105, 5.16787, 5.19468, 5.2215, 5.24832, 5.27513, 5.30195, 5.32877, 5.35559, 5.3824, 5.40922, 5.43604, 5.46285, 5.48967, 5.51649, 5.5433, 5.57012, 5.59694, 5.62375, 5.65057, 5.67739, 5.7042, 5.73102, 5.75784, 5.78466, 5.81147, 5.83829, 5.86511, 5.89192, 5.91874, 5.94556, 5.97237, 5.99919, 6.02601, 6.05282

Top left [meters] - x, y:
-0.0612497, -0.0175156 
Bottom right [meters] - x, y:
0.0612497, 0.067238 

Maximum velocity [meter/second]:
2 
