61 EXPORTED FRAMES

Timestamps [seconds] - 0,1,...,60:
4.18021, 4.21269, 4.24517, 4.27765, 4.31013, 4.34261, 4.37509, 4.40757, 4.44005, 4.47253, 4.50501, 4.53749, 4.56997, 4.60245, 4.63493, 4.66741, 4.69989, 4.73237, 4.76485, 4.79733, 4.82981, 4.86229, 4.89477, 4.92725, 4.95973, 4.99221, 5.02469, 5.05717, 5.08965, 5.12213, 5.15461, 5.18709, 5.21957, 5.25205, 5.28453, 5.31701, 5.34949, 5.38197, 5.41445, 5.44693, 5.47941, 5.51189, 5.54437, 5.57685, 5.60933, 5.64181, 5.67429, 5.70677, 5.73925, 5.77173, 5.80421, 5.83669, 5.86917, 5.90165, 5.93413, 5.96661, 5.99909, 6.03157, 6.06405, 6.09653, 6.12901

Top left [meters] - x, y:
-0.0917753, -0.023614 
Bottom right [meters] - x, y:
0.0917753, 0.103379 

Maximum velocity [meter/second]:
2 
