74 EXPORTED FRAMES

Timestamps [seconds] - 0,1,...,73:
26.0463, 26.0731, 26.0999, 26.1267, 26.1535, 26.1803, 26.2072, 26.234, 26.2608, 26.2876, 26.3144, 26.3412, 26.3681, 26.3949, 26.4217, 26.4485, 26.4753, 26.5021, 26.529, 26.5558, 26.5826, 26.6094, 26.6362, 26.663, 26.6899, 26.7167, 26.7435, 26.7703, 26.7971, 26.824, 26.8508, 26.8776, 26.9044, 26.9312, 26.958, 26.9849, 27.0117, 27.0385, 27.0653, 27.0921, 27.1189, 27.1458, 27.1726, 27.1994, 27.2262, 27.253, 27.2798, 27.3067, 27.3335, 27.3603, 27.3871, 27.4139, 27.4407, 27.4676, 27.4944, 27.5212, 27.548, 27.5748, 27.6016, 27.6285, 27.6553, 27.6821, 27.7089, 27.7357, 27.7625, 27.7894, 27.8162, 27.843, 27.8698, 27.8966, 27.9234, 27.9503, 27.9771, 28.0039

Top left [meters] - x, y:
-0.0612497, -0.0175156 
Bottom right [meters] - x, y:
0.0612497, 0.067238 

Maximum velocity [meter/second]:
2 
