60 EXPORTED FRAMES

Timestamps [seconds] - 0,1,...,59:
10.8695, 10.9025, 10.9355, 10.9684, 11.0014, 11.0344, 11.0673, 11.1003, 11.1332, 11.1662, 11.1992, 11.2321, 11.2651, 11.2981, 11.331, 11.364, 11.3969, 11.4299, 11.4629, 11.4958, 11.5288, 11.5618, 11.5947, 11.6277, 11.6606, 11.6936, 11.7266, 11.7595, 11.7925, 11.8255, 11.8584, 11.8914, 11.9244, 11.9573, 11.9903, 12.0232, 12.0562, 12.0892, 12.1221, 12.1551, 12.1881, 12.221, 12.254, 12.2869, 12.3199, 12.3529, 12.3858, 12.4188, 12.4518, 12.4847, 12.5177, 12.5506, 12.5836, 12.6166, 12.6495, 12.6825, 12.7155, 12.7484, 12.7814, 12.8143

Top left [meters] - x, y:
-0.114548, -0.02937 
Bottom right [meters] - x, y:
0.114548, 0.129135 

Maximum velocity [meter/second]:
2 
