68 EXPORTED FRAMES

Timestamps [seconds] - 0,1,...,67:
21.706, 21.7354, 21.7648, 21.7942, 21.8236, 21.853, 21.8824, 21.9118, 21.9412, 21.9706, 22, 22.0294, 22.0588, 22.0883, 22.1177, 22.1471, 22.1765, 22.2059, 22.2353, 22.2647, 22.2941, 22.3235, 22.3529, 22.3823, 22.4117, 22.4411, 22.4705, 22.4999, 22.5293, 22.5587, 22.5881, 22.6175, 22.6469, 22.6763, 22.7057, 22.7351, 22.7645, 22.7939, 22.8233, 22.8527, 22.8821, 22.9115, 22.9409, 22.9703, 22.9997, 23.0291, 23.0585, 23.0879, 23.1173, 23.1467, 23.1761, 23.2055, 23.2349, 23.2643, 23.2937, 23.3231, 23.3526, 23.382, 23.4114, 23.4408, 23.4702, 23.4996, 23.529, 23.5584, 23.5878, 23.6172, 23.6466, 23.676

Top left [meters] - x, y:
-0.0612497, -0.0175156 
Bottom right [meters] - x, y:
0.0612497, 0.067238 

Maximum velocity [meter/second]:
2 
