59 EXPORTED FRAMES

Timestamps [seconds] - 0,1,...,58:
14.3071, 14.341, 14.3749, 14.4087, 14.4426, 14.4764, 14.5103, 14.5442, 14.578, 14.6119, 14.6457, 14.6796, 14.7134, 14.7473, 14.7812, 14.815, 14.8489, 14.8827, 14.9166, 14.9505, 14.9843, 15.0182, 15.052, 15.0859, 15.1198, 15.1536, 15.1875, 15.2213, 15.2552, 15.2891, 15.3229, 15.3568, 15.3906, 15.4245, 15.4584, 15.4922, 15.5261, 15.5599, 15.5938, 15.6277, 15.6615, 15.6954, 15.7292, 15.7631, 15.797, 15.8308, 15.8647, 15.8985, 15.9324, 15.9663, 16.0001, 16.034, 16.0678, 16.1017, 16.1356, 16.1694, 16.2033, 16.2371, 16.271

Top left [meters] - x, y:
-0.103162, -0.026492 
Bottom right [meters] - x, y:
0.103162, 0.116257 

Maximum velocity [meter/second]:
2 
