61 EXPORTED FRAMES

Timestamps [seconds] - 0,1,...,60:
48.0505, 48.0835, 48.1165, 48.1494, 48.1824, 48.2154, 48.2483, 48.2813, 48.3142, 48.3472, 48.3802, 48.4131, 48.4461, 48.4791, 48.512, 48.545, 48.5779, 48.6109, 48.6439, 48.6768, 48.7098, 48.7428, 48.7757, 48.8087, 48.8416, 48.8746, 48.9076, 48.9405, 48.9735, 49.0065, 49.0394, 49.0724, 49.1053, 49.1383, 49.1713, 49.2042, 49.2372, 49.2702, 49.3031, 49.3361, 49.3691, 49.402, 49.435, 49.4679, 49.5009, 49.5339, 49.5668, 49.5998, 49.6328, 49.6657, 49.6987, 49.7316, 49.7646, 49.7976, 49.8305, 49.8635, 49.8965, 49.9294, 49.9624, 49.9953, 50.0283

Top left [meters] - x, y:
-0.114548, -0.02937 
Bottom right [meters] - x, y:
0.114548, 0.129135 

Maximum velocity [meter/second]:
2 
