69 EXPORTED FRAMES

Timestamps [seconds] - 0,1,...,68:
112.952, 112.98, 113.009, 113.037, 113.066, 113.094, 113.123, 113.152, 113.18, 113.209, 113.237, 113.266, 113.294, 113.323, 113.351, 113.38, 113.409, 113.437, 113.466, 113.494, 113.523, 113.551, 113.58, 113.608, 113.637, 113.666, 113.694, 113.723, 113.751, 113.78, 113.808, 113.837, 113.865, 113.894, 113.922, 113.951, 113.98, 114.008, 114.037, 114.065, 114.094, 114.122, 114.151, 114.179, 114.208, 114.237, 114.265, 114.294, 114.322, 114.351, 114.379, 114.408, 114.436, 114.465, 114.494, 114.522, 114.551, 114.579, 114.608, 114.636, 114.665, 114.693, 114.722, 114.75, 114.779, 114.808, 114.836, 114.865, 114.893

Top left [meters] - x, y:
-0.0576158, -0.01498 
Bottom right [meters] - x, y:
0.0576158, 0.0647452 

Maximum velocity [meter/second]:
2 
