61 EXPORTED FRAMES

Timestamps [seconds] - 0,1,...,60:
4.04524, 4.0782, 4.11116, 4.14412, 4.17709, 4.21005, 4.24301, 4.27598, 4.30894, 4.3419, 4.37486, 4.40783, 4.44079, 4.47375, 4.50671, 4.53968, 4.57264, 4.6056, 4.63857, 4.67153, 4.70449, 4.73745, 4.77042, 4.80338, 4.83634, 4.86931, 4.90227, 4.93523, 4.96819, 5.00116, 5.03412, 5.06708, 5.10005, 5.13301, 5.16597, 5.19893, 5.2319, 5.26486, 5.29782, 5.33078, 5.36375, 5.39671, 5.42967, 5.46264, 5.4956, 5.52856, 5.56152, 5.59449, 5.62745, 5.66041, 5.69338, 5.72634, 5.7593, 5.79226, 5.82523, 5.85819, 5.89115, 5.92412, 5.95708, 5.99004, 6.023

Top left [meters] - x, y:
-0.114548, -0.02937 
Bottom right [meters] - x, y:
0.114548, 0.129135 

Maximum velocity [meter/second]:
2 
