70 EXPORTED FRAMES

Timestamps [seconds] - 0,1,...,69:
7.72705, 7.75561, 7.78416, 7.81271, 7.84126, 7.86981, 7.89837, 7.92692, 7.95547, 7.98402, 8.01257, 8.04113, 8.06968, 8.09823, 8.12678, 8.15534, 8.18389, 8.21244, 8.24099, 8.26954, 8.2981, 8.32665, 8.3552, 8.38375, 8.4123, 8.44086, 8.46941, 8.49796, 8.52651, 8.55507, 8.58362, 8.61217, 8.64072, 8.66927, 8.69783, 8.72638, 8.75493, 8.78348, 8.81204, 8.84059, 8.86914, 8.89769, 8.92624, 8.9548, 8.98335, 9.0119, 9.04045, 9.069, 9.09756, 9.12611, 9.15466, 9.18321, 9.21177, 9.24032, 9.26887, 9.29742, 9.32597, 9.35453, 9.38308, 9.41163, 9.44018, 9.46873, 9.49729, 9.52584, 9.55439, 9.58294, 9.6115, 9.64005, 9.6686, 9.69715

Top left [meters] - x, y:
-0.0576158, -0.01498 
Bottom right [meters] - x, y:
0.0576158, 0.0647452 

Maximum velocity [meter/second]:
2 
