67 EXPORTED FRAMES

Timestamps [seconds] - 0,1,...,66:
10.8681, 10.8975, 10.9269, 10.9563, 10.9858, 11.0152, 11.0446, 11.074, 11.1034, 11.1328, 11.1622, 11.1916, 11.221, 11.2504, 11.2798, 11.3092, 11.3386, 11.368, 11.3974, 11.4268, 11.4562, 11.4856, 11.515, 11.5444, 11.5738, 11.6032, 11.6326, 11.662, 11.6914, 11.7208, 11.7502, 11.7796, 11.809, 11.8384, 11.8678, 11.8972, 11.9266, 11.956, 11.9854, 12.0148, 12.0442, 12.0736, 12.103, 12.1324, 12.1618, 12.1912, 12.2206, 12.2501, 12.2795, 12.3089, 12.3383, 12.3677, 12.3971, 12.4265, 12.4559, 12.4853, 12.5147, 12.5441, 12.5735, 12.6029, 12.6323, 12.6617, 12.6911, 12.7205, 12.7499, 12.7793, 12.8087

Top left [meters] - x, y:
-0.0612497, -0.0175156 
Bottom right [meters] - x, y:
0.0612497, 0.067238 

Maximum velocity [meter/second]:
2 
