69 EXPORTED FRAMES

Timestamps [seconds] - 0,1,...,68:
7.64932, 7.67787, 7.70643, 7.73498, 7.76353, 7.79208, 7.82064, 7.84919, 7.87774, 7.90629, 7.93484, 7.9634, 7.99195, 8.0205, 8.04905, 8.07761, 8.10616, 8.13471, 8.16326, 8.19181, 8.22037, 8.24892, 8.27747, 8.30602, 8.33457, 8.36313, 8.39168, 8.42023, 8.44878, 8.47734, 8.50589, 8.53444, 8.56299, 8.59154, 8.6201, 8.64865, 8.6772, 8.70575, 8.7343, 8.76286, 8.79141, 8.81996, 8.84851, 8.87707, 8.90562, 8.93417, 8.96272, 8.99127, 9.01983, 9.04838, 9.07693, 9.10548, 9.13403, 9.16259, 9.19114, 9.21969, 9.24824, 9.2768, 9.30535, 9.3339, 9.36245, 9.391, 9.41956, 9.44811, 9.47666, 9.50521, 9.53377, 9.56232, 9.59087

Top left [meters] - x, y:
-0.0576158, -0.01498 
Bottom right [meters] - x, y:
0.0576158, 0.0647452 

Maximum velocity [meter/second]:
2 
