60 EXPORTED FRAMES

Timestamps [seconds] - 0,1,...,59:
18.0556, 18.0885, 18.1215, 18.1545, 18.1874, 18.2204, 18.2533, 18.2863, 18.3193, 18.3522, 18.3852, 18.4182, 18.4511, 18.4841, 18.517, 18.55, 18.583, 18.6159, 18.6489, 18.6819, 18.7148, 18.7478, 18.7808, 18.8137, 18.8467, 18.8796, 18.9126, 18.9456, 18.9785, 19.0115, 19.0445, 19.0774, 19.1104, 19.1433, 19.1763, 19.2093, 19.2422, 19.2752, 19.3082, 19.3411, 19.3741, 19.407, 19.44, 19.473, 19.5059, 19.5389, 19.5719, 19.6048, 19.6378, 19.6707, 19.7037, 19.7367, 19.7696, 19.8026, 19.8356, 19.8685, 19.9015, 19.9344, 19.9674, 20.0004

Top left [meters] - x, y:
-0.114548, -0.02937 
Bottom right [meters] - x, y:
0.114548, 0.129135 

Maximum velocity [meter/second]:
2 
