59 EXPORTED FRAMES

Timestamps [seconds] - 0,1,...,58:
282.745, 282.778, 282.811, 282.844, 282.877, 282.91, 282.943, 282.976, 283.009, 283.042, 283.075, 283.108, 283.141, 283.174, 283.207, 283.24, 283.273, 283.306, 283.338, 283.371, 283.404, 283.437, 283.47, 283.503, 283.536, 283.569, 283.602, 283.635, 283.668, 283.701, 283.734, 283.767, 283.8, 283.833, 283.866, 283.899, 283.932, 283.965, 283.998, 284.031, 284.064, 284.097, 284.13, 284.163, 284.196, 284.228, 284.261, 284.294, 284.327, 284.36, 284.393, 284.426, 284.459, 284.492, 284.525, 284.558, 284.591, 284.624, 284.657

Top left [meters] - x, y:
-0.114548, -0.02937 
Bottom right [meters] - x, y:
0.114548, 0.129135 

Maximum velocity [meter/second]:
2 
